Domain Length	Pressure	Density	Velocity	Temperature	Sound Speed
0	0.178571	1	1	0.0006222	0.5	0.446429
0.01	0.178571	1	1	0.0006222	0.5	0.446429
0.02	0.178571	1	1	0.0006222	0.5	0.446429
0.03	0.178571	1	1	0.0006222	0.5	0.446429
0.04	0.178571	1	1	0.0006222	0.5	0.446429
0.05	0.178571	1	1	0.0006222	0.5	0.446429
0.06	0.178571	1	1	0.0006222	0.5	0.446429
0.07	0.178571	1	1	0.0006222	0.5	0.446429
0.08	0.178571	1	1	0.0006222	0.5	0.446429
0.09	0.178571	1	1	0.0006222	0.5	0.446429
0.1	0.178571	1	1	0.0006222	0.5	0.446429
0.11	0.178571	1	1	0.0006222	0.5	0.446429
0.12	0.178571	1	1	0.0006222	0.5	0.446429
0.13	0.178571	1	1	0.0006222	0.5	0.446429
0.14	0.178571	1	1	0.0006222	0.5	0.446429
0.15	0.178571	1	1	0.0006222	0.5	0.446429
0.16	0.178571	1	1	0.0006222	0.5	0.446429
0.17	0.178571	1	1	0.0006222	0.5	0.446429
0.18	0.178571	1	1	0.0006222	0.5	0.446429
0.19	0.178571	1	1	0.0006222	0.5	0.446429
0.2	0.178571	1	1	0.0006222	0.5	0.446429
0.21	0.178571	1	1	0.0006222	0.5	0.446429
0.22	0.178571	1	1	0.0006222	0.5	0.446429
0.23	0.178571	1	1	0.0006222	0.5	0.446429
0.24	0.178571	1	1	0.0006222	0.5	0.446429
0.25	0.178571	1	1	0.0006222	0.5	0.446429
0.26	0.178571	1	1	0.0006222	0.5	0.446429
0.27	0.178571	1	1	0.0006222	0.5	0.446429
0.28	0.178571	1	1	0.0006222	0.5	0.446429
0.29	0.178571	1	1	0.0006222	0.5	0.446429
0.3	0.178571	1	1	0.0006222	0.5	0.446429
0.31	0.178571	1	1	0.0006222	0.5	0.446429
0.32	0.178571	1	1	0.0006222	0.5	0.446429
0.33	0.178571	1	1	0.0006222	0.5	0.446429
0.34	0.178571	1	1	0.0006222	0.5	0.446429
0.35	0.178571	1	1	0.0006222	0.5	0.446429
0.36	0.178571	1	1	0.0006222	0.5	0.446429
0.37	0.178571	1	1	0.0006222	0.5	0.446429
0.38	0.178571	1	1	0.0006222	0.5	0.446429
0.39	0.178571	1	1	0.0006222	0.5	0.446429
0.4	0.178571	1	1	0.0006222	0.5	0.446429
0.41	0.178571	1	1	0.0006222	0.5	0.446429
0.42	0.178571	1	1	0.0006222	0.5	0.446429
0.43	0.178571	1	1	0.0006222	0.5	0.446429
0.44	0.178571	1	1	0.0006222	0.5	0.446429
0.45	0.178571	1	1	0.0006222	0.5	0.446429
0.46	0.178571	1	1	0.0006222	0.5	0.446429
0.47	0.178571	1	1	0.0006222	0.5	0.446429
0.48	0.178571	1	1	0.0006222	0.5	0.446429
0.49	0.178571	1	1	0.0006222	0.5	0.446429
0.5	0.803571	2.66667	0.375	0.00104996	0.649519	0.753348
0.51	0.803571	2.66667	0.375	0.00104996	0.649519	0.753348
0.52	0.803571	2.66667	0.375	0.00104996	0.649519	0.753348
0.53	0.803571	2.66667	0.375	0.00104996	0.649519	0.753348
0.54	0.803571	2.66667	0.375	0.00104996	0.649519	0.753348
0.55	0.803571	2.66667	0.375	0.00104996	0.649519	0.753348
0.56	0.803571	2.66667	0.375	0.00104996	0.649519	0.753348
0.57	0.803571	2.66667	0.375	0.00104996	0.649519	0.753348
0.58	0.803571	2.66667	0.375	0.00104996	0.649519	0.753348
0.59	0.803571	2.66667	0.375	0.00104996	0.649519	0.753348
0.6	0.803571	2.66667	0.375	0.00104996	0.649519	0.753348
0.61	0.803571	2.66667	0.375	0.00104996	0.649519	0.753348
0.62	0.803571	2.66667	0.375	0.00104996	0.649519	0.753348
0.63	0.803571	2.66667	0.375	0.00104996	0.649519	0.753348
0.64	0.803571	2.66667	0.375	0.00104996	0.649519	0.753348
0.65	0.803571	2.66667	0.375	0.00104996	0.649519	0.753348
0.66	0.803571	2.66667	0.375	0.00104996	0.649519	0.753348
0.67	0.803571	2.66667	0.375	0.00104996	0.649519	0.753348
0.68	0.803571	2.66667	0.375	0.00104996	0.649519	0.753348
0.69	0.803571	2.66667	0.375	0.00104996	0.649519	0.753348
0.7	0.803571	2.66667	0.375	0.00104996	0.649519	0.753348
0.71	0.803571	2.66667	0.375	0.00104996	0.649519	0.753348
0.72	0.803571	2.66667	0.375	0.00104996	0.649519	0.753348
0.73	0.803571	2.66667	0.375	0.00104996	0.649519	0.753348
0.74	0.803571	2.66667	0.375	0.00104996	0.649519	0.753348
0.75	0.803571	2.66667	0.375	0.00104996	0.649519	0.753348
0.76	0.803571	2.66667	0.375	0.00104996	0.649519	0.753348
0.77	0.803571	2.66667	0.375	0.00104996	0.649519	0.753348
0.78	0.803571	2.66667	0.375	0.00104996	0.649519	0.753348
0.79	0.803571	2.66667	0.375	0.00104996	0.649519	0.753348
0.8	0.803571	2.66667	0.375	0.00104996	0.649519	0.753348
0.81	0.803571	2.66667	0.375	0.00104996	0.649519	0.753348
0.82	0.803571	2.66667	0.375	0.00104996	0.649519	0.753348
0.83	0.803571	2.66667	0.375	0.00104996	0.649519	0.753348
0.84	0.803571	2.66667	0.375	0.00104996	0.649519	0.753348
0.85	0.803571	2.66667	0.375	0.00104996	0.649519	0.753348
0.86	0.803571	2.66667	0.375	0.00104996	0.649519	0.753348
0.87	0.803571	2.66667	0.375	0.00104996	0.649519	0.753348
0.88	0.803571	2.66667	0.375	0.00104996	0.649519	0.753348
0.89	0.803571	2.66667	0.375	0.00104996	0.649519	0.753348
0.9	0.803571	2.66667	0.375	0.00104996	0.649519	0.753348
0.91	0.803571	2.66667	0.375	0.00104996	0.649519	0.753348
0.92	0.803571	2.66667	0.375	0.00104996	0.649519	0.753348
0.93	0.803571	2.66667	0.375	0.00104996	0.649519	0.753348
0.94	0.803571	2.66667	0.375	0.00104996	0.649519	0.753348
0.95	0.803571	2.66667	0.375	0.00104996	0.649519	0.753348
0.96	0.803571	2.66667	0.375	0.00104996	0.649519	0.753348
0.97	0.803571	2.66667	0.375	0.00104996	0.649519	0.753348
0.98	0.803571	2.66667	0.375	0.00104996	0.649519	0.753348
0.99	0.803571	2.66667	0.375	0.00104996	0.649519	0.753348
