Domain Length	Pressure	Density	Velocity	Temperature	Sound Speed
0	0.4	1.4	0	0.00099552	0.632456
0.01	0.4	1.39988	6.372e-17	0.000995606	0.632483
0.02	0.4	1.39952	1.9099e-16	0.000995858	0.632563
0.03	0.4	1.39904	9.54141e-17	0.000996204	0.632673
0.04	0.4	1.39854	1.59244e-16	0.000996563	0.632787
0.05	0.4	1.398	1.27405e-16	0.000996943	0.632907
0.06	0.4	1.39743	1.27448e-16	0.000997351	0.633037
0.07	0.4	1.39681	1.59445e-16	0.000997795	0.633178
0.08	0.4	1.39613	1.27602e-16	0.000998282	0.633332
0.09	0.4	1.39538	1.27676e-16	0.000998819	0.633503
0.1	0.4	1.39454	9.57711e-17	0.000999416	0.633692
0.11	0.4	1.39362	9.58647e-17	0.00100008	0.633902
0.12	0.4	1.39259	1.27974e-16	0.00100082	0.634137
0.13	0.4	1.39144	3.19108e-17	0.00100165	0.634398
0.14	0.4	1.39016	3.19474e-17	0.00100257	0.63469
0.15	0.4	1.38874	3.20154e-17	0.00100359	0.635014
0.16	0.4	1.38717	9.63271e-17	0.00100473	0.635374
0.17	0.4	1.38543	3.20794e-17	0.00100599	0.635773
0.18	0.4	1.3835	9.66245e-17	0.00100739	0.636215
0.19	0.4	1.38139	9.67534e-17	0.00100894	0.636703
0.2	0.4	1.37906	9.69115e-17	0.00101064	0.637239
0.21	0.4	1.37651	-3.25074e-17	0.00101251	0.637828
0.22	0.4	1.37374	9.7295e-17	0.00101455	0.638473
0.23	0.4	1.37071	6.49782e-17	0.00101679	0.639176
0.24	0.4	1.36744	6.51506e-17	0.00101923	0.639942
0.25	0.4	1.36389	6.53255e-17	0.00102188	0.640772
0.26	0.4	1.36008	6.54898e-17	0.00102474	0.641671
0.27	0.4	1.35598	9.85916e-17	0.00102784	0.64264
0.28	0.4	1.35159	3.29253e-17	0.00103118	0.643683
0.29	0.4	1.34691	1.32388e-16	0.00103476	0.644801
0.3	0.4	1.34193	3.3194e-17	0.0010386	0.645996
0.31	0.4	1.33665	1.0006e-16	0.0010427	0.64727
0.32	0.4	1.33108	3.3465e-17	0.00104707	0.648623
0.33	0.4	1.32521	-3.17797e-20	0.00105171	0.650058
0.34	0.4	1.31905	-3.27191e-20	0.00105662	0.651573
0.35	0.4	1.31261	-1.88917e-20	0.0010618	0.65317
0.36	0.4	1.30589	3.41342e-17	0.00106726	0.654847
0.37	0.4	1.29892	3.43242e-17	0.00107299	0.656603
0.38	0.4	1.29169	6.90496e-17	0.00107899	0.658438
0.39	0.4	1.28423	3.47271e-17	0.00108526	0.660347
0.4	0.4	1.27655	6.98873e-17	0.00109179	0.66233
0.41	0.4	1.26868	1.58585e-20	0.00109857	0.664382
0.42	0.4	1.26063	3.5407e-17	0.00110558	0.666501
0.43	0.4	1.25242	7.12406e-17	0.00111283	0.668681
0.44	0.4	1.24408	7.17172e-17	0.00112029	0.670918
0.45	0.4	1.23563	-7.21634e-17	0.00112795	0.673208
0.46	0.4	1.2271	-1.09001e-16	0.00113579	0.675544
0.47	0.4	1.21851	-7.31644e-17	0.0011438	0.677921
0.48	0.4	1.20989	3.69097e-17	0.00115195	0.680332
0.49	0.4	1.20126	3.71752e-17	0.00116022	0.682771
0.5	0.4	1.19265	-7.47589e-17	0.0011686	0.685232
0.51	0.4	1.18408	-7.52856e-17	0.00117705	0.687706
0.52	0.4	1.17558	4.25248e-20	0.00118556	0.690188
0.53	0.4	1.16718	5.24925e-20	0.0011941	0.692669
0.54	0.4	1.15888	5.90005e-20	0.00120265	0.695144
0.55	0.4	1.15072	-3.87019e-17	0.00121118	0.697604
0.56	0.4	1.14272	6.78719e-20	0.00121966	0.700043
0.57	0.4	1.13489	7.73899e-20	0.00122808	0.702454
0.58	0.4	1.12725	-3.94818e-17	0.0012364	0.70483
0.59	0.4	1.11981	-3.97563e-17	0.00124461	0.707166
0.6	0.4	1.1126	8.71702e-20	0.00125268	0.709456
0.61	0.4	1.10561	9.51109e-20	0.00126059	0.711693
0.62	0.4	1.09887	9.64468e-20	0.00126833	0.713873
0.63	0.4	1.09238	-4.07184e-17	0.00127587	0.715991
0.64	0.4	1.08614	1.07886e-19	0.00128319	0.718043
0.65	0.4	1.08017	1.06319e-19	0.00129028	0.720025
0.66	0.4	1.07446	-4.14131e-17	0.00129714	0.721935
0.67	0.4	1.06903	-4.16039e-17	0.00130374	0.723769
0.68	0.4	1.06386	-1.25661e-16	0.00131007	0.725525
0.69	0.4	1.05895	-1.68354e-16	0.00131614	0.727203
0.7	0.4	1.05432	4.24178e-17	0.00132193	0.7288
0.71	0.4	1.04994	-8.48237e-17	0.00132743	0.730317
0.72	0.4	1.04583	-8.51824e-17	0.00133266	0.731753
0.73	0.4	1.04196	-1.71081e-16	0.0013376	0.733108
0.74	0.4	1.03834	-8.57654e-17	0.00134226	0.734384
0.75	0.4	1.03497	-1.2913e-16	0.00134664	0.735582
0.76	0.4	1.03182	-1.29522e-16	0.00135075	0.736702
0.77	0.4	1.0289	-8.65299e-17	0.00135458	0.737747
0.78	0.4	1.02619	-4.32907e-17	0.00135816	0.73872
0.79	0.4	1.02369	-1.30512e-16	0.00136147	0.739621
0.8	0.4	1.02139	-2.18143e-16	0.00136454	0.740455
0.81	0.4	1.01927	-1.74831e-16	0.00136737	0.741222
0.82	0.4	1.01734	-1.31317e-16	0.00136997	0.741927
0.83	0.4	1.01557	-8.76181e-17	0.00137236	0.742572
0.84	0.4	1.01397	-1.75721e-16	0.00137453	0.743159
0.85	0.4	1.01251	-1.75974e-16	0.0013765	0.743693
0.86	0.4	1.0112	-2.20299e-16	0.00137829	0.744174
0.87	0.4	1.01003	-1.32228e-16	0.00137989	0.744607
0.88	0.4	1.00898	-8.81518e-17	0.00138132	0.744994
0.89	0.4	1.00805	-3.09459e-16	0.0013826	0.745337
0.9	0.4	1.00724	-1.76843e-16	0.00138371	0.745638
0.91	0.4	1.00653	-1.32653e-16	0.00138469	0.7459
0.92	0.4	1.00592	-2.214e-16	0.00138552	0.746125
0.93	0.4	1.00541	-1.32778e-16	0.00138623	0.746315
0.94	0.4	1.00499	-1.772e-16	0.0013868	0.74647
0.95	0.4	1.00466	-1.77258e-16	0.00138726	0.746593
0.96	0.4	1.00442	-2.2169e-16	0.0013876	0.746684
0.97	0.4	1.00425	-8.84889e-17	0.00138782	0.746745
0.98	0.4	1.00417	-1.3289e-16	0.00138794	0.746775
